0
0.156434465040231
0.309016994374947
0.453990499739547
0.587785252292473
0.707106781186547
0.809016994374947
0.891006524188368
0.951056516295154
0.987688340595138
1
0.987688340595138
0.951056516295154
0.891006524188368
0.809016994374947
0.707106781186548
0.587785252292473
0.453990499739547
0.309016994374948
0.156434465040231
1.22464679914735e-16
-0.156434465040231
-0.309016994374947
-0.453990499739547
-0.587785252292473
-0.707106781186547
-0.809016994374947
-0.891006524188368
-0.951056516295154
-0.987688340595138
-1
-0.987688340595138
-0.951056516295154
-0.891006524188368
-0.809016994374948
-0.707106781186548
-0.587785252292473
-0.453990499739547
-0.309016994374948
-0.156434465040231
